   2.92296631E+001
   3.70687806E+002
   8.00793166E+002
   1.30542454E+003
   1.84881696E+003
   2.42056198E+003
   3.01334669E+003
   3.62233366E+003
   4.24431450E+003
   4.87712545E+003
   5.51895190E+003
   6.18311954E+003
   6.84034610E+003
   7.50365435E+003
   8.18954991E+003
   8.86504993E+003
   9.56432692E+003
   1.02699546E+004
   1.09638947E+004
   1.16838341E+004
   1.24111945E+004
   1.31461270E+004
   1.38667311E+004
   1.46186066E+004
   1.54036830E+004
   1.61743928E+004
   1.69805585E+004
   1.77970587E+004
   1.86334601E+004
   1.94907435E+004
   2.03842185E+004
   2.13203641E+004
   2.22516936E+004
   2.32428494E+004
   2.41297640E+004
   2.50123581E+004
   2.58984396E+004
   2.67982133E+004
   2.76941677E+004
   2.85924215E+004
   2.94930182E+004
   3.04074433E+004
   3.13151635E+004
   3.22242653E+004
   3.31449915E+004
   3.40594726E+004
   3.49746280E+004
   3.58996148E+004
   3.68186353E+004
   3.77378884E+004
   3.86655242E+004
   3.95871886E+004
   4.05083022E+004
   4.14371114E+004
   4.23596403E+004
   4.32812587E+004
   4.42100686E+004
   4.51321675E+004
   4.60531384E+004
   4.69809872E+004
   4.79014777E+004
   4.88204013E+004
   4.97466178E+004
   5.06648047E+004
   5.15882724E+004
   5.25051743E+004
   5.34203800E+004
   5.43414430E+004
   5.52549515E+004
   5.61731300E+004
   5.70849908E+004
   5.80004244E+004
   5.89103334E+004
   5.98183450E+004
   6.07309817E+004
   6.16372974E+004
   6.25476372E+004
   6.34522105E+004
   6.43605355E+004
   6.52638088E+004
   6.61703701E+004
   6.70727197E+004
   6.79782297E+004
   6.88800573E+004
   6.97853805E+004
   7.06877117E+004
   7.15936261E+004
   7.24977442E+004
   7.34059769E+004
   7.43133152E+004
   7.52260745E+004
   7.61390165E+004
   7.70598698E+004
   7.79835286E+004
   7.89182607E+004
   7.98603730E+004
   8.08200223E+004
   8.17969676E+004
   8.28085911E+004
   8.38732374E+004
