   1.12805571E+001
   1.09458987E+001
   1.06263009E+001
   1.00298056E+001
   9.74586368E+000
   9.47131727E+000
   8.93785779E+000
   8.68681984E+000
   8.21249559E+000
   7.98734033E+000
   7.76885127E+000
   7.35137147E+000
   7.15278512E+000
   6.77354142E+000
   6.59237038E+000
   6.24643232E+000
   6.08082107E+000
   5.76515191E+000
   5.61391831E+000
   5.32449853E+000
   5.18625028E+000
   4.92129923E+000
   4.79425002E+000
   4.55106444E+000
   4.43409590E+000
   4.21028943E+000
   3.99870742E+000
   3.89729203E+000
   3.70314355E+000
   3.51922138E+000
   3.34540351E+000
   3.26192016E+000
   3.10122739E+000
   2.94883915E+000
   2.80426387E+000
   2.66715659E+000
   2.53688738E+000
   2.41299668E+000
   2.29494753E+000
   2.18266668E+000
   2.29336100E+000
   2.25308612E+000
   2.21327340E+000
   2.17448884E+000
   2.13641475E+000
   2.15131854E+000
   2.21920899E+000
   2.28820864E+000
   2.35865574E+000
   2.35865446E+000
   2.43053636E+000
   2.50311460E+000
   2.57689348E+000
   2.57673209E+000
   2.65213547E+000
   2.72845675E+000
   2.72848856E+000
   2.80579203E+000
   2.80578704E+000
   2.88448972E+000
   2.96405689E+000
   2.96404235E+000
   3.04492371E+000
   3.04493753E+000
   3.12671063E+000
   3.12672401E+000
   3.20948375E+000
   3.29329836E+000
   3.29333039E+000
   3.37791460E+000
   3.37791770E+000
   3.37792996E+000
   3.46358524E+000
   3.46356963E+000
   3.54989960E+000
   3.54996316E+000
   3.54986211E+000
   3.63735176E+000
   3.63738525E+000
   3.63738525E+000
   3.72659839E+000
   3.72659839E+000
   3.72659839E+000
   3.81772845E+000
   3.81772845E+000
   3.81772845E+000
   3.91082801E+000
   3.91082801E+000
   3.91082801E+000
   4.00567779E+000
   4.00567779E+000
   4.00567779E+000
   4.00567779E+000
   4.10390232E+000
   4.10390232E+000
   4.10390232E+000
   4.20502420E+000
   4.20502420E+000
   4.20502420E+000
   4.20502420E+000
