   9.63884625E+000
   9.16037160E+000
   8.76159771E+000
   8.43354463E+000
   8.19046672E+000
   8.03608542E+000
   7.84239515E+000
   7.69543566E+000
   7.47990471E+000
   7.28506010E+000
   7.17750376E+000
   7.05781552E+000
   6.80026365E+000
   6.64359085E+000
   6.53798221E+000
   6.39793564E+000
   6.20023619E+000
   6.09632283E+000
   5.90907243E+000
   5.80372617E+000
   5.63507950E+000
   5.49943877E+000
   5.35126619E+000
   5.19064981E+000
   5.08068757E+000
   4.92632433E+000
   4.80280056E+000
   4.79975224E+000
   4.77984946E+000
   4.75978550E+000
   4.71518587E+000
   4.81722818E+000
   4.86288780E+000
   5.09526896E+000
   5.06535205E+000
   5.08037111E+000
   5.10800668E+000
   5.07618704E+000
   5.13200802E+000
   5.18689366E+000
   5.25683617E+000
   5.26850058E+000
   5.30316345E+000
   5.35438580E+000
   5.37077821E+000
   5.42338346E+000
   5.47087908E+000
   5.48102940E+000
   5.54083807E+000
   5.55238236E+000
   5.57617549E+000
   5.62852808E+000
   5.66657393E+000
   5.67473101E+000
   5.69789218E+000
   5.73300427E+000
   5.74621957E+000
   5.78962048E+000
   5.80457738E+000
   5.80391502E+000
   5.86660349E+000
   5.87111912E+000
   5.87480799E+000
   5.88686784E+000
   5.88184576E+000
   5.88650494E+000
   5.85860992E+000
   5.86673043E+000
   5.86446266E+000
   5.85321750E+000
   5.80615857E+000
   5.81126640E+000
   5.78591972E+000
   5.78697991E+000
   5.75464791E+000
   5.72270822E+000
   5.70171187E+000
   5.66157189E+000
   5.61649716E+000
   5.56854162E+000
   5.51106187E+000
   5.46035807E+000
   5.41499759E+000
   5.36632891E+000
   5.30057317E+000
   5.24014173E+000
   5.16836082E+000
   5.09214141E+000
   5.00827950E+000
   4.93781483E+000
   4.86039558E+000
   4.79023262E+000
   4.70278889E+000
   4.62303568E+000
   4.53971117E+000
   4.45581374E+000
   4.36390369E+000
   4.27652185E+000
   4.18892573E+000
   4.10539766E+000
