   3.33078094E+004
   3.49340673E+004
   3.63785997E+004
   3.77385226E+004
   3.89763838E+004
   4.01446771E+004
   4.13018207E+004
   4.23952829E+004
   4.34973707E+004
   4.45575637E+004
   4.56047364E+004
   4.66891596E+004
   4.77375165E+004
   4.88264896E+004
   4.98881779E+004
   5.09929059E+004
   5.20754964E+004
   5.32023498E+004
   5.43094276E+004
   5.54638947E+004
   5.66000872E+004
   5.77878174E+004
   5.89578831E+004
   6.01839821E+004
   6.13916369E+004
   6.26611438E+004
   6.39501222E+004
   6.52266443E+004
   6.65625045E+004
   6.79220000E+004
   6.93046843E+004
   7.06822665E+004
   7.21186117E+004
   7.35817311E+004
   7.50717026E+004
   7.65898861E+004
   7.81360217E+004
   7.97113849E+004
   8.13150027E+004
   8.29516847E+004
   8.43075646E+004
   8.59420745E+004
   8.76213056E+004
   8.93425263E+004
   9.11017329E+004
   9.28704124E+004
   9.46213789E+004
   9.63743003E+004
   9.81257090E+004
   9.99756991E+004
   1.01723541E+005
   1.03472067E+005
   1.05215193E+005
   1.07060257E+005
   1.08796757E+005
   1.10527379E+005
   1.12366066E+005
   1.14089911E+005
   1.15922723E+005
   1.17637084E+005
   1.19345622E+005
   1.21166727E+005
   1.22863401E+005
   1.24675504E+005
   1.26358579E+005
   1.28161265E+005
   1.29828930E+005
   1.31487081E+005
   1.33268752E+005
   1.34909044E+005
   1.36674292E+005
   1.38426760E+005
   1.40040462E+005
   1.41772620E+005
   1.43359936E+005
   1.45069165E+005
   1.46762811E+005
   1.48311859E+005
   1.49980151E+005
   1.51632663E+005
   1.53139461E+005
   1.54767628E+005
   1.56381010E+005
   1.57846563E+005
   1.59437453E+005
   1.61014625E+005
   1.62440657E+005
   1.63997407E+005
   1.65541656E+005
   1.66932304E+005
   1.68458602E+005
   1.69973952E+005
   1.71479020E+005
   1.72831252E+005
   1.74323760E+005
   1.75808960E+005
   1.77137708E+005
   1.78619506E+005
   1.80102374E+005
   1.81595169E+005
