   7.39732881E+000
   7.39732881E+000
   7.39732881E+000
   7.39732881E+000
   7.39732881E+000
   7.39732881E+000
   7.39732881E+000
   7.39732881E+000
   7.39732881E+000
   7.39732881E+000
   7.39732881E+000
   7.39731514E+000
   7.39701013E+000
   7.39685140E+000
   7.39681304E+000
   7.39690784E+000
   7.39774236E+000
   7.39842380E+000
   7.39844507E+000
   7.39832342E+000
   7.39822727E+000
   7.39808391E+000
   7.39799861E+000
   7.39792798E+000
   7.39789795E+000
   7.39788712E+000
   7.39780194E+000
   7.39788313E+000
   7.39788187E+000
   7.39787496E+000
   7.39787521E+000
   7.39787521E+000
   7.39787521E+000
   7.39787521E+000
   7.39787521E+000
   7.39787521E+000
   7.39787521E+000
   7.39787521E+000
   7.39787521E+000
   7.39787521E+000
   7.39787521E+000
   7.39787521E+000
   7.39787521E+000
   7.39787521E+000
   7.39787521E+000
   7.39787521E+000
   7.39787521E+000
   7.39787521E+000
   7.39787521E+000
   7.39787521E+000
   7.39787521E+000
   7.39787521E+000
   7.39787521E+000
   7.39787521E+000
   7.39787521E+000
   7.39787521E+000
   7.39787521E+000
   7.39787521E+000
   7.39787521E+000
   7.39787521E+000
   7.39787521E+000
   7.39787521E+000
   7.39787521E+000
   7.39787521E+000
   7.39787521E+000
   7.39787521E+000
   7.39787521E+000
   7.39787521E+000
   7.39787521E+000
   7.39787521E+000
   7.39787521E+000
   7.39787521E+000
   7.39787521E+000
   7.39787521E+000
   7.39787521E+000
   7.39787521E+000
   7.39787521E+000
   7.39787521E+000
   7.39787521E+000
   7.39787521E+000
   7.39787521E+000
   7.39787521E+000
   7.39787521E+000
   7.39787521E+000
   7.39787521E+000
   7.39787521E+000
   7.39787521E+000
   7.39787521E+000
   7.39787521E+000
   7.39787521E+000
   7.39787521E+000
   7.39787521E+000
   7.39787521E+000
   7.39787521E+000
   7.39787521E+000
   7.39787521E+000
   7.39787521E+000
   7.39787521E+000
   7.39787521E+000
   7.39787521E+000
