   3.36509163E+000
   3.43859360E+000
   3.50078646E+000
   3.55203518E+000
   3.59003734E+000
   3.61301478E+000
   3.62322854E+000
   3.62210472E+000
   3.60411712E+000
   3.57380147E+000
   3.53133678E+000
   3.47859387E+000
   3.41545547E+000
   3.34017105E+000
   3.26067741E+000
   3.17522690E+000
   3.08060263E+000
   3.01506342E+000
   2.95132881E+000
   2.88011974E+000
   2.80501965E+000
   2.72693336E+000
   2.64577313E+000
   2.56721564E+000
   2.50561061E+000
   2.44115674E+000
   2.37601286E+000
   2.30664292E+000
   2.24064377E+000
   2.18626022E+000
   2.12802036E+000
   2.06846918E+000
   2.01080122E+000
   1.96032763E+000
   1.90725959E+000
   1.85294132E+000
   1.80110131E+000
   1.75639602E+000
   1.71394450E+000
   1.67403132E+000
   1.63958220E+000
   1.60687165E+000
   1.57545843E+000
   1.54006391E+000
   1.50408034E+000
   1.46965322E+000
   1.43491539E+000
   1.39842088E+000
   1.36297005E+000
   1.33314081E+000
   1.30440483E+000
   1.27554464E+000
   1.24699250E+000
   1.22047823E+000
   1.19562918E+000
   1.16973691E+000
   1.14446674E+000
   1.12133245E+000
   1.09924534E+000
   1.07680642E+000
   1.05427635E+000
   1.03251555E+000
   1.01373935E+000
   9.94701324E-001
   9.74733229E-001
   9.55585720E-001
   9.38646078E-001
   9.21838380E-001
   9.04256334E-001
   8.86925809E-001
   8.71055293E-001
   8.55072359E-001
   8.38960149E-001
   8.23849063E-001
   8.09578313E-001
   7.94666243E-001
   7.81006878E-001
   7.68373974E-001
   7.58900185E-001
   7.49935450E-001
   7.37686154E-001
   7.17239602E-001
   6.95614857E-001
   6.76137829E-001
   6.63525847E-001
   6.62843927E-001
   6.64838169E-001
   6.62122358E-001
   6.53273579E-001
   6.39703366E-001
   6.25080605E-001
   6.12054028E-001
   6.01885087E-001
   5.92635755E-001
   5.85871226E-001
   5.75259590E-001
   5.64481225E-001
   5.54412867E-001
   5.46762785E-001
   5.40705138E-001
