   3.06156553E+004
   3.10228100E+004
   3.14710446E+004
   3.19491195E+004
   3.24513876E+004
   3.29744163E+004
   3.35158929E+004
   3.40741614E+004
   3.46479737E+004
   3.52364669E+004
   3.58394807E+004
   3.64554659E+004
   3.70841699E+004
   3.77260742E+004
   3.83803694E+004
   3.90469259E+004
   3.97256592E+004
   4.04159381E+004
   4.11173393E+004
   4.18298707E+004
   4.25534012E+004
   4.32878267E+004
   4.40330551E+004
   4.47890205E+004
   4.55557095E+004
   4.63330802E+004
   4.71211129E+004
   4.79199111E+004
   4.87294063E+004
   4.95496684E+004
   5.03807831E+004
   5.12228125E+004
   5.20758408E+004
   5.29399641E+004
   5.38152911E+004
   5.47019409E+004
   5.56000456E+004
   5.65097471E+004
   5.74312017E+004
   5.83645757E+004
   5.93100485E+004
   6.02678104E+004
   6.12380641E+004
   6.22210270E+004
   6.32169299E+004
   6.42260193E+004
   6.52485560E+004
   6.62848163E+004
   6.73350936E+004
   6.83996991E+004
   6.94789630E+004
   7.05732345E+004
   7.16828844E+004
   7.28083058E+004
   7.39499158E+004
   7.51081564E+004
   7.62834974E+004
   7.74764371E+004
   7.86875077E+004
   7.99172728E+004
   8.11663343E+004
   8.24353342E+004
   8.37249582E+004
   8.50359396E+004
   8.63690636E+004
   8.77251725E+004
   8.91051711E+004
   9.05100332E+004
   9.19408088E+004
   9.33986325E+004
   9.48847330E+004
   9.64004437E+004
   9.79472162E+004
   9.95266340E+004
   1.01140430E+005
   1.02790509E+005
   1.04478967E+005
   1.06208122E+005
   1.07980551E+005
   1.09799127E+005
   1.11667070E+005
   1.13588008E+005
   1.15566061E+005
   1.17605914E+005
   1.19712972E+005
   1.21893480E+005
   1.24154760E+005
   1.26505445E+005
   1.28955897E+005
   1.31518629E+005
   1.34209135E+005
   1.37046827E+005
   1.40056703E+005
   1.43271850E+005
   1.46737681E+005
   1.50519469E+005
   1.54717261E+005
   1.59499146E+005
   1.65179231E+005
   1.72633101E+005
