   5.42108333E-001    7.23895669E-001    8.86209369E-001    2.05129106E-001
   9.09725000E-001    7.73576200E-001    8.86209369E-001   -1.53630513E-001
   9.38175000E-001    8.12438726E-001    8.86209369E-001   -1.41881002E-001
   9.40341667E-001    8.37514579E-001    8.86209369E-001   -1.16030242E-001
   9.41816667E-001    8.46162260E-001    8.86209369E-001   -1.07936578E-001
   9.43983333E-001    8.62711191E-001    8.86209369E-001   -9.17076089E-002
   9.43091667E-001    8.97005975E-001    8.86209369E-001   -5.20031643E-002
   9.41708333E-001    9.03762817E-001    8.86209369E-001   -4.28177779E-002
   9.39991667E-001    9.12964940E-001    8.86209369E-001   -3.04969994E-002
   9.41808333E-001    9.05738950E-001    8.86209369E-001   -4.07007473E-002
   9.40183333E-001    9.15844619E-001    8.86209369E-001   -2.74638420E-002
   9.39558333E-001    9.22217488E-001    8.86209369E-001   -1.95674359E-002
   9.38641667E-001    9.09327865E-001    8.86209369E-001   -3.30777388E-002
   9.40500000E-001    9.07452703E-001    8.86209369E-001   -3.72906208E-002
   9.42675000E-001    9.22098994E-001    8.86209369E-001   -2.32179962E-002
   9.42225000E-001    9.25949275E-001    8.86209369E-001   -1.83655523E-002
   9.39683333E-001    9.30256069E-001    8.86209369E-001   -1.06377397E-002
   9.41275000E-001    9.31561053E-001    8.86209369E-001   -1.09612328E-002
   9.41916667E-001    9.42718148E-001    8.86209369E-001    9.04393017E-004
   9.39750000E-001    9.40989792E-001    8.86209369E-001    1.39898357E-003
   1.68962819E-001    1.57303126E-001    1.90901607E-001   -6.10769771E-002
   1.81759439E-001    1.93332939E-001    1.90901607E-001    6.06254732E-002
   1.67677585E-001    1.91508377E-001    1.90901607E-001    1.24832853E-001
   1.72510127E-001    1.97208113E-001    1.90901607E-001    1.29375474E-001
   1.66427958E-001    2.03174844E-001    1.90901607E-001    1.92491239E-001
   1.73757810E-001    2.09963442E-001    1.90901607E-001    1.89655981E-001
   1.75867623E-001    2.22507486E-001    1.90901607E-001    2.44313618E-001
   1.73409578E-001    2.23964575E-001    1.90901607E-001    2.64822271E-001
   1.70670740E-001    2.12627147E-001    1.90901607E-001    2.19780270E-001
   1.70270657E-001    2.00782002E-001    1.90901607E-001    1.59827596E-001
   1.62301477E-001    2.25042093E-001    1.90901607E-001    3.28654208E-001
   1.70825865E-001    2.39427694E-001    1.90901607E-001    3.59357000E-001
   1.63384490E-001    1.97642917E-001    1.90901607E-001    1.79455937E-001
   1.76330532E-001    1.79930003E-001    1.90901607E-001    1.88551086E-002
   1.67030092E-001    1.79802390E-001    1.90901607E-001    6.69051399E-002
   1.74671859E-001    1.91469828E-001    1.90901607E-001    8.79928090E-002
   1.70074606E-001    1.61149599E-001    1.90901607E-001   -4.67518718E-002
   1.71988080E-001    1.32901836E-001    1.90901607E-001   -2.04745493E-001
   1.71592539E-001    1.69621603E-001    1.90901607E-001   -1.03243596E-002
   1.66390041E-001    1.28671993E-001    1.90901607E-001   -1.97578477E-001
   1.12523635E-002    5.45678908E-002    2.42879819E-002    1.78341402E+000
   1.04610368E-002    5.11363043E-002    2.42879819E-002    1.67470758E+000
   1.08544070E-002    4.22292493E-002    2.42879819E-002    1.29178465E+000
   1.06344325E-002    3.74824119E-002    2.42879819E-002    1.10540182E+000
   1.04408147E-002    3.58855497E-002    2.42879819E-002    1.04762656E+000
   1.00019421E-002    2.95330536E-002    2.42879819E-002    8.04147153E-001
   1.10894134E-002    2.41970431E-002    2.42879819E-002    5.39675538E-001
   1.06366975E-002    2.31519186E-002    2.42879819E-002    5.15284520E-001
   1.06295269E-002    2.07421487E-002    2.42879819E-002    4.16363198E-001
   1.08744702E-002    2.07360031E-002    2.42879819E-002    4.06025208E-001
   1.06184964E-002    1.95643033E-002    2.42879819E-002    3.68322362E-001
   1.08118176E-002    1.89175455E-002    2.42879819E-002    3.33734106E-001
   1.08845228E-002    2.09937469E-002    2.42879819E-002    4.16223301E-001
   1.07478292E-002    1.72307979E-002    2.42879819E-002    2.66920848E-001
   1.00865445E-002    1.47998179E-002    2.42879819E-002    1.94057844E-001
   1.06750865E-002    1.55292196E-002    2.42879819E-002    1.99857408E-001
   1.08103794E-002    1.04061633E-002    2.42879819E-002   -1.66426391E-002
   1.09514577E-002    9.92075717E-003    2.42879819E-002   -4.24366471E-002
   1.07582058E-002    9.78904560E-003    2.42879819E-002   -3.99028701E-002
   1.08716857E-002    8.94666211E-003    2.42879819E-002   -7.92582779E-002
   2.49027716E-002    5.07550789E-002    2.62305383E-002    9.85580513E-001
   2.06839063E-002    4.81385047E-002    2.62305383E-002    1.04666546E+000
   1.76850445E-002    4.33128137E-002    2.62305383E-002    9.77020332E-001
   1.62086476E-002    3.44762905E-002    2.62305383E-002    6.96426537E-001
   1.50860925E-002    3.42109853E-002    2.62305383E-002    7.29107906E-001
   1.43982062E-002    3.20567221E-002    2.62305383E-002    6.73204483E-001
   1.40848804E-002    3.04433696E-002    2.62305383E-002    6.23642911E-001
   1.37870006E-002    2.85507553E-002    2.62305383E-002    5.62846046E-001
   1.36703340E-002    2.66982109E-002    2.62305383E-002    4.96668302E-001
   1.35466346E-002    2.56529391E-002    2.62305383E-002    4.61534734E-001
   1.36586836E-002    2.09480745E-002    2.62305383E-002    2.77897114E-001
   1.37742024E-002    2.19743139E-002    2.62305383E-002    3.12616975E-001
   1.34414091E-002    1.98956830E-002    2.62305383E-002    2.46059527E-001
   1.40528088E-002    1.97601302E-002    2.62305383E-002    2.17583085E-001
   1.33662185E-002    1.82352452E-002    2.62305383E-002    1.85624354E-001
   1.35317997E-002    1.68861367E-002    2.62305383E-002    1.27879076E-001
   1.39586031E-002    1.66294599E-002    2.62305383E-002    1.01822416E-001
   1.35011908E-002    1.19129078E-002    2.62305383E-002   -6.05509099E-002
   1.45182695E-002    1.35640049E-002    2.62305383E-002   -3.63799096E-002
   1.39221424E-002    1.05091371E-002    2.62305383E-002   -1.30115718E-001
   5.15341752E+000    5.36804867E+000    5.56200218E+000    3.85888281E-002
   5.34775012E+000    5.37692261E+000    5.56200218E+000    5.24496065E-003
   5.48693177E+000    5.42611265E+000    5.56200218E+000   -1.09347525E-002
   5.55351209E+000    5.46352148E+000    5.56200218E+000   -1.61795359E-002
   5.58755877E+000    5.50835896E+000    5.56200218E+000   -1.42394435E-002
   5.60158639E+000    5.54677773E+000    5.56200218E+000   -9.85412579E-003
   5.61086403E+000    5.55684566E+000    5.56200218E+000   -9.71203648E-003
   5.60985311E+000    5.58925056E+000    5.56200218E+000   -3.70415946E-003
   5.60969696E+000    5.60521173E+000    5.56200218E+000   -8.06405313E-004
   5.61336615E+000    5.61960649E+000    5.56200218E+000    1.12196014E-003
   5.61509957E+000    5.60829449E+000    5.56200218E+000   -1.22349508E-003
   5.61209948E+000    5.59990025E+000    5.56200218E+000   -2.19331747E-003
   5.61268333E+000    5.59905958E+000    5.56200218E+000   -2.44943167E-003
   5.61243830E+000    5.57997751E+000    5.56200218E+000   -5.83616912E-003
   5.61748540E+000    5.60594273E+000    5.56200218E+000   -2.07527406E-003
   5.61507747E+000    5.61765814E+000    5.56200218E+000    4.63981642E-004
   5.61362636E+000    5.63639402E+000    5.56200218E+000    4.09342975E-003
   5.61204211E+000    5.65328026E+000    5.56200218E+000    7.41426324E-003
   5.61244776E+000    5.64046144E+000    5.56200218E+000    5.03661950E-003
   5.61244776E+000    5.63841534E+000    5.56200218E+000    4.66874689E-003
   2.19670602E-001    1.11364380E-001    4.41725329E-002   -2.45189071E+000
   1.46218682E-001    8.52930546E-002    4.41725329E-002   -1.37926497E+000
   6.79936493E-002    8.71399641E-002    4.41725329E-002    4.33443896E-001
   3.76259936E-002    7.32452199E-002    4.41725329E-002    8.06365947E-001
   1.74723465E-002    6.84739798E-002    4.41725329E-002    1.15460061E+000
   1.12067677E-002    5.84685057E-002    4.41725329E-002    1.06993498E+000
   1.81978449E-003    5.24936989E-002    4.41725329E-002    1.14718154E+000
   4.43831122E-003    4.78348657E-002    4.41725329E-002    9.82433013E-001
   6.94182757E-003    4.86023240E-002    4.41725329E-002    9.43131256E-001
   4.73839229E-003    1.47789568E-002    4.41725329E-002    2.27303345E-001
   1.70664688E-003    2.32068803E-002    4.41725329E-002    4.86733091E-001
   3.02423585E-003    1.54267373E-002    4.41725329E-002    2.80774060E-001
   3.87271875E-003    2.36591138E-002    4.41725329E-002    4.47934356E-001
   8.14777378E-003    3.81926075E-002    4.41725329E-002    6.80170045E-001
   1.55787042E-003    3.58039439E-002    4.41725329E-002    7.75279823E-001
   2.50670329E-004    3.61909941E-002    4.41725329E-002    8.13635113E-001
  -9.69671394E-005    3.11294217E-002    4.41725329E-002    7.06918684E-001
   3.66548425E-003    1.43803824E-002    4.41725329E-002    2.42569249E-001
   9.31651767E-003    1.61492247E-002    4.41725329E-002    1.54682256E-001
   9.31651767E-003    1.61638111E-003    4.41725329E-002   -1.74319562E-001
   2.45315713E-001    7.20328763E-002    2.27718540E-002   -7.60951816E+000
   1.68258946E-001    2.34101340E-002    2.27718540E-002   -6.36087042E+000
   1.03764718E-001    5.06455489E-002    2.27718540E-002   -2.33266773E+000
   7.12192171E-002    4.55450378E-002    2.27718540E-002   -1.12745231E+000
   5.32455722E-002    4.99114618E-002    2.27718540E-002   -1.46413657E-001
   4.67625719E-002    3.01029868E-002    2.27718540E-002   -7.31586682E-001
   4.09368398E-002    2.66993083E-002    2.27718540E-002   -6.25224962E-001
   4.29941371E-002    1.53318252E-002    2.27718540E-002   -1.21475888E+000
   4.09098337E-002    1.52116809E-002    2.27718540E-002   -1.12850508E+000
   4.40220869E-002    3.46503220E-003    2.27718540E-002   -1.78101681E+000
   4.17412354E-002    2.01530997E-002    2.27718540E-002   -9.48018364E-001
   4.15537669E-002    1.90855598E-003    2.27718540E-002   -1.74097423E+000
   4.28843960E-002    1.40576595E-002    2.27718540E-002   -1.26589326E+000
   4.35031592E-002    4.04253379E-002    2.27718540E-002   -1.35159015E-001
   4.04037985E-002    2.26735529E-002    2.27718540E-002   -7.78603522E-001
   3.85332981E-002    8.62109754E-003    2.27718540E-002   -1.31356018E+000
   3.93921138E-002    2.48276200E-002    2.27718540E-002   -6.39583138E-001
   4.27686435E-002   -2.21191114E-003    2.27718540E-002   -1.97526977E+000
   4.49487089E-002   -1.99888804E-004    2.27718540E-002   -1.98264919E+000
   4.49487089E-002   -7.17392843E-003    2.27718540E-002   -2.28890618E+000
   3.48379620E-001    1.38719007E-001    7.86995441E-002   -2.66406388E+000
   2.58575379E-001    1.22918606E-001    7.86995441E-002   -1.72373011E+000
   1.61765707E-001    9.38847885E-002    7.86995441E-002   -8.62532553E-001
   1.20082621E-001    1.21556781E-001    7.86995441E-002    1.87314978E-002
   9.79332787E-002    1.45319283E-001    7.86995441E-002    6.02112818E-001
   9.23852805E-002    5.80541641E-002    7.86995441E-002   -4.36230182E-001
   8.12366046E-002    9.60753784E-002    7.86995441E-002    1.88549679E-001
   9.15335717E-002    8.81123617E-002    7.86995441E-002   -4.34717890E-002
   9.15295702E-002    9.52658355E-002    7.86995441E-002    4.74750563E-002
   8.71600153E-002    2.68798582E-002    7.86995441E-002   -7.65953066E-001
   8.94046372E-002    1.01864273E-002    7.86995441E-002   -1.00659046E+000
   8.33061123E-002    6.50993660E-002    7.86995441E-002   -2.31345004E-001
   8.00270544E-002    4.45329919E-002    7.86995441E-002   -4.51007218E-001
   8.49194314E-002    2.89157052E-002    7.86995441E-002   -7.11614367E-001
   7.96280231E-002    6.22789785E-002    7.86995441E-002   -2.20446571E-001
   7.65001081E-002    8.39801952E-002    7.86995441E-002    9.50461305E-002
   7.38411795E-002    7.77205378E-002    7.86995441E-002    4.92932749E-002
   8.35226210E-002    6.97499365E-002    7.86995441E-002   -1.75003359E-001
   8.99992677E-002    8.43827128E-002    7.86995441E-002   -7.13670573E-002
   8.99992677E-002    6.03579581E-002    7.86995441E-002   -3.76638899E-001
   6.50092172E-001    3.28145623E-001    3.07704777E-001   -1.04628388E+000
   5.43593483E-001    3.56526434E-001    3.07704777E-001   -6.07943271E-001
   4.44928277E-001    3.36260259E-001    3.07704777E-001   -3.53156748E-001
   3.77035851E-001    3.34060043E-001    3.07704777E-001   -1.39665716E-001
   3.43191149E-001    3.17372441E-001    3.07704777E-001   -8.39073989E-002
   3.27343896E-001    2.87391931E-001    3.07704777E-001   -1.29838626E-001
   3.24306128E-001    3.05637538E-001    3.07704777E-001   -6.06704582E-002
   3.29525049E-001    2.86438465E-001    3.07704777E-001   -1.40025723E-001
   3.27938555E-001    3.00001919E-001    3.07704777E-001   -9.07903875E-002
   3.20237063E-001    2.85969734E-001    3.07704777E-001   -1.11364306E-001
   3.14831794E-001    2.81665981E-001    3.07704777E-001   -1.07784524E-001
   3.17818495E-001    2.77454168E-001    3.07704777E-001   -1.31178749E-001
   3.16439044E-001    2.95945495E-001    3.07704777E-001   -6.66013356E-002
   3.19278846E-001    3.17653567E-001    3.07704777E-001   -5.28194401E-003
   3.11261319E-001    3.04290026E-001    3.07704777E-001   -2.26557837E-002
   3.16241837E-001    3.18011850E-001    3.07704777E-001    5.75230874E-003
   3.17692661E-001    3.36057961E-001    3.07704777E-001    5.96848067E-002
   3.20426048E-001    3.08519483E-001    3.07704777E-001   -3.86947682E-002
   3.17644671E-001    2.88284749E-001    3.07704777E-001   -9.54158790E-002
   3.17644671E-001    2.88408101E-001    3.07704777E-001   -9.50150018E-002
   1.24024919E-001    1.28266066E-001    7.84820393E-002    5.40397240E-002
   1.15948884E-001    1.25090182E-001    7.84820393E-002    1.16476300E-001
   1.05509693E-001    1.09735474E-001    7.84820393E-002    5.38439236E-002
   9.08487352E-002    9.89285707E-002    7.84820393E-002    1.02951396E-001
   8.43293986E-002    8.70297775E-002    7.84820393E-002    3.44076032E-002
   7.92336680E-002    9.23263058E-002    7.84820393E-002    1.66823364E-001
   8.03003408E-002    8.57219324E-002    7.84820393E-002    6.90806663E-002
   8.49601960E-002    7.55900294E-002    7.84820393E-002   -1.19392497E-001
   8.10626821E-002    8.10526535E-002    7.84820393E-002   -1.27782307E-004
   8.41290498E-002    6.35325462E-002    7.84820393E-002   -2.62435888E-001
   7.98115819E-002    6.78904429E-002    7.84820393E-002   -1.51896397E-001
   7.88027431E-002    6.58615157E-002    7.84820393E-002   -1.64894128E-001
   8.38909533E-002    7.28514642E-002    7.84820393E-002   -1.40662619E-001
   8.01103019E-002    7.41423294E-002    7.84820393E-002   -7.60425256E-002
   7.64249822E-002    6.62779957E-002    7.84820393E-002   -1.29290555E-001
   8.21516444E-002    6.69933259E-002    7.84820393E-002   -1.93143789E-001
   8.29291973E-002    5.53683862E-002    7.84820393E-002   -3.51173483E-001
   7.88471700E-002    5.12030311E-002    7.84820393E-002   -3.52235227E-001
   7.95015867E-002    5.07578403E-002    7.84820393E-002   -3.66246172E-001
   7.95015867E-002    5.10208905E-002    7.84820393E-002   -3.62894447E-001
   1.12185247E-001    7.13534132E-002    4.56970967E-002   -8.93532337E-001
   9.23925390E-002    5.29931001E-002    4.56970967E-002   -8.62186915E-001
   6.98126269E-002    5.15952930E-002    4.56970967E-002   -3.98654077E-001
   5.28160230E-002    4.45737615E-002    4.56970967E-002   -1.80367290E-001
   4.26266969E-002    4.57502902E-002    4.56970967E-002    6.83543045E-002
   3.77038073E-002    6.10086434E-002    4.56970967E-002    5.09985047E-001
   3.64798018E-002    4.47356664E-002    4.56970967E-002    1.80664969E-001
   3.90280134E-002    3.42374891E-002    4.56970967E-002   -1.04832138E-001
   3.68213754E-002    4.55780476E-002    4.56970967E-002    1.91624258E-001
   3.84503844E-002    3.83944772E-002    4.56970967E-002   -1.22343014E-003
   3.87592392E-002    4.54444550E-002    4.56970967E-002    1.46294104E-001
   3.49377311E-002    3.74137089E-002    4.56970967E-002    5.41823861E-002
   3.57540270E-002    5.10360710E-002    4.56970967E-002    3.34420458E-001
   3.93004414E-002    6.18694387E-002    4.56970967E-002    4.93882522E-001
   3.50731389E-002    4.35417779E-002    4.56970967E-002    1.85321160E-001
   3.50556564E-002    4.02333885E-002    4.56970967E-002    1.13305494E-001
   3.47635173E-002    4.32169288E-002    4.56970967E-002    1.84987935E-001
   3.77009596E-002    3.60387675E-002    4.56970967E-002   -3.63741277E-002
   3.77703184E-002    3.14218253E-002    4.56970967E-002   -1.38925525E-001
   3.77703184E-002    3.35054062E-002    4.56970967E-002   -9.33300474E-002
   1.18534470E-001    1.14093035E-001    9.42295566E-002   -4.71341953E-002
   1.20530448E-001    1.07239552E-001    9.42295566E-002   -1.41048056E-001
   8.95251656E-002    9.94182527E-002    9.42295566E-002    1.04989214E-001
   7.70436682E-002    1.13266841E-001    9.42295566E-002    3.84414124E-001
   6.24183891E-002    8.89144316E-002    9.42295566E-002    2.81186111E-001
   6.27750170E-002    9.69032422E-002    9.42295566E-002    3.62181744E-001
   5.94984733E-002    9.37793180E-002    9.42295566E-002    3.63801401E-001
   6.75606546E-002    7.28815347E-002    9.42295566E-002    5.64672095E-002
   6.54224632E-002    1.19986162E-001    9.42295566E-002    5.79050782E-001
   6.58989145E-002    8.37992206E-002    9.42295566E-002    1.89964877E-001
   6.53649701E-002    7.33073801E-002    9.42295566E-002    8.42878840E-002
   5.52680195E-002    7.72497505E-002    9.42295566E-002    2.33278515E-001
   5.06686564E-002    9.60661694E-002    9.42295566E-002    4.81775726E-001
   6.41124574E-002    9.53279063E-002    9.42295566E-002    3.31270251E-001
   5.48009356E-002    9.73696336E-002    9.42295566E-002    4.51755262E-001
   5.33970047E-002    1.09448671E-001    9.42295566E-002    5.94841668E-001
   5.28986973E-002    7.94695169E-002    9.42295566E-002    2.81979673E-001
   5.75706087E-002    8.40342566E-002    9.42295566E-002    2.80842327E-001
   5.83949985E-002    7.20467120E-002    9.42295566E-002    1.44877192E-001
   5.83949985E-002    1.09989598E-001    9.42295566E-002    5.47541575E-001
   4.31233497E-001    5.40000000E-001    5.40000000E-002    2.01419450E+000
