  -1.20671668E+002
   6.86768791E+001
   2.55245709E+002
   4.40381889E+002
   6.24685841E+002
   8.08468340E+002
   9.91925348E+002
   1.17518312E+003
   1.35832544E+003
   1.54140943E+003
   1.72447523E+003
   1.90754787E+003
   2.09064538E+003
   2.27377893E+003
   2.45695473E+003
   2.64017593E+003
   2.82344344E+003
   3.00675635E+003
   3.19011047E+003
   3.37350330E+003
   3.55693418E+003
   3.74040315E+003
   3.92390591E+003
   4.10743970E+003
   4.29100000E+003
   4.47458125E+003
   4.65817943E+003
   4.84179184E+003
   5.02541418E+003
   5.20904290E+003
   5.39267422E+003
   5.57630419E+003
   5.75993015E+003
   5.94354840E+003
   6.12715549E+003
   6.31074775E+003
   6.49432181E+003
   6.67787418E+003
   6.86140065E+003
   7.04489886E+003
   7.22836614E+003
   7.41179961E+003
   7.59519534E+003
   7.77854969E+003
   7.96185919E+003
   8.14512103E+003
   8.32833159E+003
   8.51148718E+003
   8.69458499E+003
   8.87762071E+003
   9.06059102E+003
   9.24349239E+003
   9.42632033E+003
   9.60907181E+003
   9.79174300E+003
   9.97432992E+003
   1.01568287E+004
   1.03392355E+004
   1.05215463E+004
   1.07037571E+004
   1.08858633E+004
   1.10678605E+004
   1.12497441E+004
   1.14315092E+004
   1.16131505E+004
   1.17946631E+004
   1.19760411E+004
   1.21572790E+004
   1.23383701E+004
   1.25193087E+004
   1.27000877E+004
   1.28807004E+004
   1.30611394E+004
   1.32413966E+004
   1.34214632E+004
   1.36013307E+004
   1.37809890E+004
   1.39604275E+004
   1.41396354E+004
   1.43186003E+004
   1.44973093E+004
   1.46757480E+004
   1.48539003E+004
   1.50317487E+004
   1.52092740E+004
   1.53864545E+004
   1.55632661E+004
   1.57396809E+004
   1.59156665E+004
   1.60911848E+004
   1.62661920E+004
   1.64406334E+004
   1.66144468E+004
   1.67875522E+004
   1.69598464E+004
   1.71311930E+004
   1.73014023E+004
   1.74701903E+004
   1.76370803E+004
   1.78010856E+004
