   5.98799028E+000
   5.98799028E+000
   5.98799028E+000
   5.98712489E+000
   5.98689663E+000
   5.98783590E+000
   5.98732631E+000
   5.98760913E+000
   5.98778539E+000
   5.98775291E+000
   5.98752604E+000
   5.98774146E+000
   5.98772717E+000
   5.98763248E+000
   5.98767643E+000
   5.98779791E+000
   5.98784701E+000
   5.98784611E+000
   5.98784141E+000
   5.98789260E+000
   5.98787014E+000
   5.98786838E+000
   5.98786838E+000
   5.98786838E+000
   5.98786838E+000
   5.98786838E+000
   5.98786838E+000
   5.98786838E+000
   5.98786838E+000
   5.98786838E+000
   5.98786838E+000
   5.98786838E+000
   5.98786838E+000
   5.98786838E+000
   5.98786838E+000
   5.98786838E+000
   5.98786838E+000
   5.98786838E+000
   5.98786838E+000
   5.98786838E+000
   5.98786838E+000
   5.98786838E+000
   5.98786838E+000
   5.98786838E+000
   5.98786838E+000
   5.98786838E+000
   5.98786838E+000
   5.98786838E+000
   5.98786838E+000
   5.98786838E+000
   5.98786838E+000
   5.98786838E+000
   5.98786838E+000
   5.98786838E+000
   5.98786838E+000
   5.98786838E+000
   5.98786838E+000
   5.98786838E+000
   5.98786838E+000
   5.98786838E+000
   5.98786838E+000
   5.98786838E+000
   5.98786838E+000
   5.98786838E+000
   5.98786838E+000
   5.98786838E+000
   5.98786838E+000
   5.98786838E+000
   5.98786838E+000
   5.98786838E+000
   5.98786838E+000
   5.98786838E+000
   5.98786838E+000
   5.98786838E+000
   5.98786838E+000
   5.98786838E+000
   5.98786838E+000
   5.98786838E+000
   5.98786838E+000
   5.98786838E+000
   5.98786838E+000
   5.98786838E+000
   5.98786838E+000
   5.98786838E+000
   5.98786838E+000
   5.98786838E+000
   5.98786838E+000
   5.98786838E+000
   5.98786838E+000
   5.98786838E+000
   5.98786838E+000
   5.98786838E+000
   5.98786838E+000
   5.98786838E+000
   5.98786838E+000
   5.98786838E+000
   5.98786838E+000
   5.98786838E+000
   5.98786838E+000
   5.98786838E+000
