   8.35154885E+000
   8.51240683E+000
   8.54093221E+000
   8.75347123E+000
   8.65249733E+000
   8.42880566E+000
   8.14368617E+000
   7.80565577E+000
   7.46175688E+000
   7.11993705E+000
   6.75953590E+000
   6.43437808E+000
   6.11836009E+000
   5.81059881E+000
   5.50808484E+000
   5.22892727E+000
   4.96491659E+000
   4.70701996E+000
   4.46967597E+000
   4.25541247E+000
   4.07718329E+000
   3.90056633E+000
   3.73347955E+000
   3.56941344E+000
   3.40791068E+000
   3.26640185E+000
   3.15053675E+000
   3.03325708E+000
   2.92044058E+000
   2.80804909E+000
   2.71757907E+000
   2.62914315E+000
   2.53931342E+000
   2.45201444E+000
   2.36673305E+000
   2.29569254E+000
   2.22580814E+000
   2.15413130E+000
   2.08938593E+000
   2.03016540E+000
   1.97211482E+000
   1.91373271E+000
   1.85704551E+000
   1.81062810E+000
   1.76409059E+000
   1.71660542E+000
   1.67060917E+000
   1.63231166E+000
   1.59089055E+000
   1.55097059E+000
   1.51118710E+000
   1.47380220E+000
   1.43876835E+000
   1.40416240E+000
   1.37143823E+000
   1.33916118E+000
   1.30875428E+000
   1.28058665E+000
   1.25099637E+000
   1.22223603E+000
   1.19778880E+000
   1.17117428E+000
   1.14542103E+000
   1.12145971E+000
   1.09864127E+000
   1.07693016E+000
   1.05628253E+000
   1.03499624E+000
   1.01350168E+000
   9.93269657E-001
   9.74551810E-001
   9.54615336E-001
   9.36986251E-001
   9.19399453E-001
   9.01758505E-001
   8.86273311E-001
   8.70326257E-001
   8.54489151E-001
   8.39169063E-001
   8.23424539E-001
   8.08246219E-001
   7.95145624E-001
   7.80211381E-001
   7.66030204E-001
   7.50721328E-001
   7.36610697E-001
   7.21742522E-001
   7.10529541E-001
   7.03265686E-001
   6.90521735E-001
   6.89686271E-001
   6.69921386E-001
   6.58761604E-001
   6.56536131E-001
   6.49850455E-001
   6.41667749E-001
   6.29215164E-001
   6.17270638E-001
   5.99843314E-001
   5.94275814E-001
