   3.02526645E+004
   3.06405083E+004
   3.10676158E+004
   3.15234730E+004
   3.20038814E+004
   3.25056086E+004
   3.30259647E+004
   3.35632640E+004
   3.41160975E+004
   3.46833234E+004
   3.52640933E+004
   3.58577405E+004
   3.64637332E+004
   3.70816346E+004
   3.77110818E+004
   3.83517853E+004
   3.90035072E+004
   3.96660525E+004
   4.03392627E+004
   4.10230090E+004
   4.17171892E+004
   4.24217254E+004
   4.31365616E+004
   4.38616596E+004
   4.45969876E+004
   4.53425464E+004
   4.60983468E+004
   4.68644114E+004
   4.76407758E+004
   4.84274876E+004
   4.92246068E+004
   5.00322045E+004
   5.08503632E+004
   5.16791767E+004
   5.25187496E+004
   5.33691971E+004
   5.42306458E+004
   5.51032329E+004
   5.59871070E+004
   5.68824279E+004
   5.77893672E+004
   5.87081086E+004
   5.96388478E+004
   6.05817937E+004
   6.15371683E+004
   6.25052075E+004
   6.34861619E+004
   6.44802971E+004
   6.54878948E+004
   6.65092539E+004
   6.75446907E+004
   6.85945407E+004
   6.96591595E+004
   7.07389241E+004
   7.18342346E+004
   7.29455152E+004
   7.40732167E+004
   7.52178181E+004
   7.63798285E+004
   7.75597904E+004
   7.87582812E+004
   7.99759174E+004
   8.12133570E+004
   8.24713038E+004
   8.37505115E+004
   8.50517886E+004
   8.63760034E+004
   8.77240908E+004
   8.90970586E+004
   9.04959957E+004
   9.19220816E+004
   9.33765964E+004
   9.48609330E+004
   9.63766118E+004
   9.79252966E+004
   9.95088143E+004
   1.01129178E+005
   1.02788613E+005
   1.04489593E+005
   1.06234874E+005
   1.08027548E+005
   1.09871099E+005
   1.11769475E+005
   1.13727183E+005
   1.15749403E+005
   1.17842137E+005
   1.20012407E+005
   1.22268511E+005
   1.24620376E+005
   1.27080043E+005
   1.29662354E+005
   1.32385966E+005
   1.35274874E+005
   1.38360841E+005
   1.41687450E+005
   1.45317374E+005
   1.49346659E+005
   1.53936666E+005
   1.59401072E+005
   1.66545052E+005
