   1.67567429E+001
   1.62225353E+001
   1.51911775E+001
   1.47346893E+001
   1.38675384E+001
   1.34691618E+001
   1.31067757E+001
   1.23582362E+001
   1.20107723E+001
   1.16679678E+001
   1.10331835E+001
   1.07253992E+001
   1.04371301E+001
   9.85632777E+000
   9.58415475E+000
   9.24633276E+000
   8.81183286E+000
   8.55965208E+000
   8.10361158E+000
   7.88307784E+000
   7.45390422E+000
   7.24777063E+000
   6.85918168E+000
   6.67032897E+000
   6.31376864E+000
   6.14007996E+000
   5.81302603E+000
   5.64613912E+000
   5.35344832E+000
   5.06897264E+000
   4.93104455E+000
   4.67085264E+000
   4.42510952E+000
   4.29861028E+000
   4.08243555E+000
   3.86711751E+000
   3.66441264E+000
   3.47349779E+000
   3.29312975E+000
   3.20669519E+000
   3.24271518E+000
   3.16733106E+000
   3.09439540E+000
   3.02306629E+000
   2.95368664E+000
   2.88720575E+000
   2.82293470E+000
   2.76042169E+000
   2.76857024E+000
   2.76864656E+000
   2.84693982E+000
   2.92653084E+000
   3.00703673E+000
   3.00712192E+000
   3.08881932E+000
   3.17156074E+000
   3.17135849E+000
   3.25502408E+000
   3.25503456E+000
   3.33956134E+000
   3.42497489E+000
   3.42504578E+000
   3.51124390E+000
   3.51132723E+000
   3.59848786E+000
   3.59854745E+000
   3.68632791E+000
   3.77496675E+000
   3.77493070E+000
   3.86487774E+000
   3.86500129E+000
   3.86493475E+000
   3.95678323E+000
   3.95673238E+000
   4.04944619E+000
   4.04947311E+000
   4.04950371E+000
   4.14377660E+000
   4.14375734E+000
   4.14375796E+000
   4.23985307E+000
   4.23985307E+000
   4.23985307E+000
   4.33713469E+000
   4.33713469E+000
   4.33713469E+000
   4.43638771E+000
   4.43638771E+000
   4.43638771E+000
   4.53758346E+000
   4.53758346E+000
   4.53758346E+000
   4.53758346E+000
   4.64147731E+000
   4.64147731E+000
   4.64147731E+000
   4.74727697E+000
   4.74727697E+000
   4.74727697E+000
   4.74727697E+000
