   5.99506162E+000
   5.73874645E+000
   5.56026468E+000
   5.38083378E+000
   5.27879828E+000
   5.13970540E+000
   5.03692118E+000
   4.91756454E+000
   4.83347793E+000
   4.74353930E+000
   4.63994639E+000
   4.52179988E+000
   4.43616245E+000
   4.33133425E+000
   4.25332593E+000
   4.15370691E+000
   4.04095762E+000
   3.94938208E+000
   3.85089496E+000
   3.74480286E+000
   3.65161929E+000
   3.56420845E+000
   3.46346435E+000
   3.44390951E+000
   3.44942512E+000
   3.34721720E+000
   3.32921281E+000
   3.31966255E+000
   3.26301857E+000
   3.26172370E+000
   3.25744322E+000
   3.29078754E+000
   3.26917551E+000
   3.35058539E+000
   3.38902071E+000
   3.44944918E+000
   3.45031813E+000
   3.51655189E+000
   3.57730597E+000
   3.64000934E+000
   3.63788668E+000
   3.69367494E+000
   3.74610610E+000
   3.80239705E+000
   3.82936466E+000
   3.88510710E+000
   3.94355392E+000
   3.96018022E+000
   4.01799938E+000
   4.07968587E+000
   4.09016919E+000
   4.13733728E+000
   4.18252897E+000
   4.19613757E+000
   4.24615918E+000
   4.30853273E+000
   4.31279425E+000
   4.35783882E+000
   4.40418624E+000
   4.41745136E+000
   4.46246511E+000
   4.50130109E+000
   4.50102893E+000
   4.53898622E+000
   4.53748445E+000
   4.57733669E+000
   4.59491568E+000
   4.58465177E+000
   4.60567558E+000
   4.59637326E+000
   4.61560609E+000
   4.63526062E+000
   4.61929935E+000
   4.64262802E+000
   4.61620315E+000
   4.61537625E+000
   4.59991733E+000
   4.58509697E+000
   4.55489180E+000
   4.54232368E+000
   4.51135845E+000
   4.49110241E+000
   4.48160195E+000
   4.42631027E+000
   4.38210345E+000
   4.34168887E+000
   4.29444295E+000
   4.24474147E+000
   4.18673831E+000
   4.13961816E+000
   4.08540266E+000
   4.03548201E+000
   3.97468683E+000
   3.91767640E+000
   3.85737815E+000
   3.79972334E+000
   3.73562229E+000
   3.67168513E+000
   3.58933579E+000
   3.53130599E+000
