   1.68365422E+004
   1.78673291E+004
   1.87752981E+004
   1.96007094E+004
   2.03740469E+004
   2.11181110E+004
   2.18169100E+004
   2.24950837E+004
   2.31514286E+004
   2.37982596E+004
   2.44369278E+004
   2.50731607E+004
   2.57166801E+004
   2.63537667E+004
   2.70146037E+004
   2.76682104E+004
   2.83481968E+004
   2.90291641E+004
   2.97316275E+004
   3.04438319E+004
   3.11767666E+004
   3.19251958E+004
   3.26968795E+004
   3.34851002E+004
   3.43030633E+004
   3.51350220E+004
   3.59877538E+004
   3.68873380E+004
   3.77966942E+004
   3.87317598E+004
   3.97056996E+004
   4.07266326E+004
   4.17583614E+004
   4.28282417E+004
   4.39360853E+004
   4.50799778E+004
   4.62612916E+004
   4.74819577E+004
   4.87422284E+004
   5.00485546E+004
   5.15624124E+004
   5.30247864E+004
   5.45365966E+004
   5.60987582E+004
   5.77085066E+004
   5.93837697E+004
   6.11396389E+004
   6.29694937E+004
   6.48680935E+004
   6.67289415E+004
   6.86304624E+004
   7.05246827E+004
   7.24107332E+004
   7.42515648E+004
   7.61244857E+004
   7.79886384E+004
   7.98136956E+004
   8.16632138E+004
   8.34774822E+004
   8.53129576E+004
   8.71386685E+004
   8.89355147E+004
   9.07465588E+004
   9.25315378E+004
   9.43240309E+004
   9.60973538E+004
   9.78715172E+004
   9.96349605E+004
   1.01385312E+005
   1.03124931E+005
   1.04858681E+005
   1.06580814E+005
   1.08288000E+005
   1.09990249E+005
   1.11671591E+005
   1.13351192E+005
   1.15016191E+005
   1.16655711E+005
   1.18295336E+005
   1.19919819E+005
   1.21517616E+005
   1.23117342E+005
   1.24702844E+005
   1.26262433E+005
   1.27824843E+005
   1.29374061E+005
   1.30894764E+005
   1.32422966E+005
   1.33939157E+005
   1.35423418E+005
   1.36921098E+005
   1.38408278E+005
   1.39885606E+005
   1.41334572E+005
   1.42798586E+005
   1.44255656E+005
   1.45686379E+005
   1.47138961E+005
   1.48592811E+005
   1.50056609E+005
