   9.94388034E+000
   9.94388034E+000
   9.94388034E+000
   9.94418183E+000
   9.94306730E+000
   9.94077073E+000
   9.93874997E+000
   9.93692696E+000
   9.93525102E+000
   9.93371554E+000
   9.93229238E+000
   9.93096275E+000
   9.92971823E+000
   9.92859761E+000
   9.92775954E+000
   9.92747335E+000
   9.92794575E+000
   9.92909288E+000
   9.93045629E+000
   9.93142216E+000
   9.93240246E+000
   9.93322612E+000
   9.93416479E+000
   9.93477981E+000
   9.93544465E+000
   9.93596799E+000
   9.93582421E+000
   9.93628183E+000
   9.93640925E+000
   9.93660410E+000
   9.93689227E+000
   9.93717249E+000
   9.93742906E+000
   9.93759685E+000
   9.93780818E+000
   9.93796846E+000
   9.93802915E+000
   9.93806296E+000
   9.93811736E+000
   9.93811802E+000
   9.93811739E+000
   9.93811739E+000
   9.93811739E+000
   9.93811739E+000
   9.93811739E+000
   9.93811739E+000
   9.93811739E+000
   9.93811739E+000
   9.93811739E+000
   9.93811739E+000
   9.93811739E+000
   9.93811739E+000
   9.93811739E+000
   9.93811739E+000
   9.93811739E+000
   9.93811739E+000
   9.93811739E+000
   9.93811739E+000
   9.93811739E+000
   9.93811739E+000
   9.93811739E+000
   9.93811739E+000
   9.93811739E+000
   9.93811739E+000
   9.93811739E+000
   9.93811739E+000
   9.93811739E+000
   9.93811739E+000
   9.93811739E+000
   9.93811739E+000
   9.93811739E+000
   9.93811739E+000
   9.93811739E+000
   9.93811739E+000
   9.93811739E+000
   9.93811739E+000
   9.93811739E+000
   9.93811739E+000
   9.93811739E+000
   9.93811739E+000
   9.93811739E+000
   9.93811739E+000
   9.93811739E+000
   9.93811739E+000
   9.93811739E+000
   9.93811739E+000
   9.93811739E+000
   9.93811739E+000
   9.93811739E+000
   9.93811739E+000
   9.93811739E+000
   9.93811739E+000
   9.93811739E+000
   9.93811739E+000
   9.93811739E+000
   9.93811739E+000
   9.93811739E+000
   9.93811739E+000
   9.93811739E+000
   9.93811739E+000
