   1.33597148E+000
   1.33647293E+000
   1.34070887E+000
   1.34618755E+000
   1.34905148E+000
   1.35507569E+000
   1.35746535E+000
   1.35597178E+000
   1.36147935E+000
   1.36450248E+000
   1.36371830E+000
   1.36069300E+000
   1.35702908E+000
   1.35632532E+000
   1.35173640E+000
   1.34632776E+000
   1.33781589E+000
   1.33056002E+000
   1.32593254E+000
   1.31802279E+000
   1.30782431E+000
   1.29610375E+000
   1.28269542E+000
   1.27407853E+000
   1.26241943E+000
   1.24991992E+000
   1.23457675E+000
   1.22288003E+000
   1.21070048E+000
   1.19764818E+000
   1.18143732E+000
   1.16621318E+000
   1.15433050E+000
   1.14058651E+000
   1.12312872E+000
   1.10729033E+000
   1.09318941E+000
   1.07942871E+000
   1.06463875E+000
   1.04804381E+000
   1.03467053E+000
   1.02115121E+000
   1.00633173E+000
   9.91252206E-001
   9.75501553E-001
   9.62600107E-001
   9.48438250E-001
   9.34103062E-001
   9.19668069E-001
   9.07829828E-001
   8.93972737E-001
   8.80419546E-001
   8.66513136E-001
   8.54303521E-001
   8.41242731E-001
   8.28239641E-001
   8.15499750E-001
   8.03696814E-001
   7.92413066E-001
   7.80726885E-001
   7.68106868E-001
   7.56321056E-001
   7.45775009E-001
   7.33921397E-001
   7.22898090E-001
   7.12104155E-001
   7.02056783E-001
   6.91847413E-001
   6.81908719E-001
   6.71202038E-001
   6.61971372E-001
   6.52143131E-001
   6.42411531E-001
   6.32415267E-001
   6.23509139E-001
   6.14753699E-001
   6.06220502E-001
   5.97167945E-001
   5.88196094E-001
   5.79918965E-001
   5.72259001E-001
   5.63948447E-001
   5.55669316E-001
   5.47490631E-001
   5.40035764E-001
   5.32488261E-001
   5.25380887E-001
   5.17956233E-001
   5.10351901E-001
   5.03634163E-001
   4.96861760E-001
   4.90126400E-001
   4.83257636E-001
   4.76491092E-001
   4.70484226E-001
   4.64196815E-001
   4.57872821E-001
   4.51580557E-001
   4.45511842E-001
   4.39817795E-001
