   1.56382086E+004
   1.60287229E+004
   1.64585668E+004
   1.69170044E+004
   1.73989485E+004
   1.79012293E+004
   1.84215745E+004
   1.89584020E+004
   1.95104252E+004
   2.00766166E+004
   2.06561919E+004
   2.12485256E+004
   2.18531130E+004
   2.24695391E+004
   2.30974589E+004
   2.37365934E+004
   2.43867127E+004
   2.50476278E+004
   2.57191861E+004
   2.64012675E+004
   2.70937843E+004
   2.77966754E+004
   2.85099000E+004
   2.92334324E+004
   2.99672549E+004
   3.07113721E+004
   3.14657969E+004
   3.22305448E+004
   3.30056406E+004
   3.37911215E+004
   3.45870376E+004
   3.53934520E+004
   3.62104402E+004
   3.70380905E+004
   3.78765031E+004
   3.87257904E+004
   3.95860764E+004
   4.04574970E+004
   4.13401998E+004
   4.22343443E+004
   4.31401020E+004
   4.40576567E+004
   4.49872045E+004
   4.59289542E+004
   4.68831281E+004
   4.78499622E+004
   4.88297070E+004
   4.98226283E+004
   5.08290079E+004
   5.18491444E+004
   5.28833544E+004
   5.39319732E+004
   5.49953564E+004
   5.60738810E+004
   5.71679468E+004
   5.82779782E+004
   5.94044256E+004
   6.05477678E+004
   6.17085141E+004
   6.28872064E+004
   6.40844221E+004
   6.53007773E+004
   6.65369297E+004
   6.77935830E+004
   6.90714903E+004
   7.03714599E+004
   7.16943597E+004
   7.30411240E+004
   7.44127602E+004
   7.58103568E+004
   7.72350925E+004
   7.86882469E+004
   8.01712122E+004
   8.16855080E+004
   8.32327972E+004
   8.48149058E+004
   8.64338458E+004
   8.80918421E+004
   8.97913657E+004
   9.15351728E+004
   9.33263529E+004
   9.51683879E+004
   9.70652247E+004
   9.90213674E+004
   1.01041993E+005
   1.03133102E+005
   1.05301710E+005
   1.07556113E+005
   1.09906233E+005
   1.12364103E+005
   1.14944558E+005
   1.17666246E+005
   1.20553149E+005
   1.23637014E+005
   1.26961400E+005
   1.30588948E+005
   1.34615654E+005
   1.39202793E+005
   1.44663878E+005
   1.51803661E+005
