   1.08557596E+001
   1.05448964E+001
   1.02444023E+001
   9.67890846E+000
   9.40763483E+000
   9.13811437E+000
   8.63230111E+000
   8.39310134E+000
   7.94128560E+000
   7.72615098E+000
   7.51737441E+000
   7.11859189E+000
   6.92849299E+000
   6.56569375E+000
   6.39214228E+000
   6.06025361E+000
   5.90135880E+000
   5.59753820E+000
   5.45211764E+000
   5.17361397E+000
   5.04035532E+000
   4.78405516E+000
   4.54207944E+000
   4.42643777E+000
   4.20461188E+000
   3.99497957E+000
   3.89422766E+000
   3.70073537E+000
   3.51742702E+000
   3.42925233E+000
   3.26035983E+000
   3.10061160E+000
   2.94889076E+000
   2.80475857E+000
   2.66778388E+000
   2.53755490E+000
   2.41402535E+000
   2.29634231E+000
   2.18407079E+000
   2.07693191E+000
   2.18478066E+000
   2.14739699E+000
   2.11050614E+000
   2.14131005E+000
   2.15646959E+000
   2.15648853E+000
   2.22492854E+000
   2.29470042E+000
   2.36576082E+000
   2.43789516E+000
   2.43788336E+000
   2.51128005E+000
   2.58598741E+000
   2.58596632E+000
   2.66177390E+000
   2.73862096E+000
   2.73862638E+000
   2.81679097E+000
   2.89580076E+000
   2.89576278E+000
   2.97613717E+000
   2.97609600E+000
   3.05758665E+000
   3.05755944E+000
   3.14011654E+000
   3.22372877E+000
   3.22375013E+000
   3.30807911E+000
   3.30805841E+000
   3.39342517E+000
   3.39336298E+000
   3.47974669E+000
   3.47968097E+000
   3.47965359E+000
   3.56713205E+000
   3.56709340E+000
   3.56708717E+000
   3.65566254E+000
   3.65566144E+000
   3.74495345E+000
   3.74495345E+000
   3.74495345E+000
   3.83588524E+000
   3.83588524E+000
   3.83588524E+000
   3.83588524E+000
   3.92941447E+000
   3.92941447E+000
   3.92941447E+000
   4.02526281E+000
   4.02526281E+000
   4.02526281E+000
   4.12319785E+000
   4.12319785E+000
   4.12319785E+000
   4.12319785E+000
   4.22500331E+000
   4.22500331E+000
   4.22500331E+000
   4.22500331E+000
