   9.72509848E+000
   9.23266677E+000
   8.82271218E+000
   8.52210543E+000
   8.31216814E+000
   8.11561594E+000
   7.85482630E+000
   7.71959648E+000
   7.53761635E+000
   7.38612918E+000
   7.23457799E+000
   7.03264410E+000
   6.88350565E+000
   6.74622440E+000
   6.57639927E+000
   6.39218036E+000
   6.26346961E+000
   6.06846865E+000
   5.96218008E+000
   5.81522515E+000
   5.68720149E+000
   5.50939757E+000
   5.35373846E+000
   5.22398725E+000
   5.07060393E+000
   4.98547722E+000
   4.86885666E+000
   4.72283127E+000
   4.67919173E+000
   4.72724000E+000
   4.73672833E+000
   4.71626932E+000
   4.84863063E+000
   5.07694232E+000
   5.07347527E+000
   5.03788695E+000
   5.07846131E+000
   5.10380701E+000
   5.05233661E+000
   5.13160951E+000
   5.18229071E+000
   5.23235473E+000
   5.25932298E+000
   5.29411457E+000
   5.34143508E+000
   5.33759903E+000
   5.40264599E+000
   5.45869311E+000
   5.45077908E+000
   5.51471540E+000
   5.55572028E+000
   5.55151397E+000
   5.60070771E+000
   5.64333293E+000
   5.64033855E+000
   5.67348900E+000
   5.73512918E+000
   5.74830678E+000
   5.79880905E+000
   5.75146777E+000
   5.77282709E+000
   5.78272550E+000
   5.79771050E+000
   5.79875257E+000
   5.79477969E+000
   5.82331817E+000
   5.83137275E+000
   5.81860866E+000
   5.83196745E+000
   5.80903777E+000
   5.82943681E+000
   5.80616850E+000
   5.73679204E+000
   5.72005638E+000
   5.68134165E+000
   5.66678908E+000
   5.64638384E+000
   5.61484816E+000
   5.57778700E+000
   5.54504774E+000
   5.49278817E+000
   5.45619797E+000
   5.38106169E+000
   5.31402392E+000
   5.23912254E+000
   5.19465524E+000
   5.12848021E+000
   5.08184782E+000
   4.98430373E+000
   4.93231987E+000
   4.84863378E+000
   4.76278526E+000
   4.67399406E+000
   4.58740907E+000
   4.50613129E+000
   4.42882381E+000
   4.34235479E+000
   4.25794441E+000
   4.17006095E+000
   4.08973416E+000
