   3.44924312E+004
   3.61213420E+004
   3.75647813E+004
   3.88868714E+004
   4.01209781E+004
   4.12805029E+004
   4.23949367E+004
   4.34817367E+004
   4.45382350E+004
   4.55895750E+004
   4.66239047E+004
   4.76605680E+004
   4.86948640E+004
   4.97334850E+004
   5.07796309E+004
   5.18324947E+004
   5.28983193E+004
   5.39733831E+004
   5.50630611E+004
   5.61661759E+004
   5.72836964E+004
   5.84223199E+004
   5.95748769E+004
   6.07529247E+004
   6.19487170E+004
   6.31639856E+004
   6.44080848E+004
   6.56741744E+004
   6.69618729E+004
   6.82770766E+004
   6.96220874E+004
   7.09932392E+004
   7.23896973E+004
   7.38152261E+004
   7.52703020E+004
   7.67549104E+004
   7.82700014E+004
   7.98163025E+004
   8.13925409E+004
   8.30035408E+004
   8.43538380E+004
   8.59696620E+004
   8.76310264E+004
   8.92395036E+004
   9.09813056E+004
   9.28293099E+004
   9.45822329E+004
   9.63378097E+004
   9.80927199E+004
   9.98469090E+004
   1.01695459E+005
   1.03447045E+005
   1.05193599E+005
   1.07037464E+005
   1.08779798E+005
   1.10517046E+005
   1.12354287E+005
   1.14084567E+005
   1.15807358E+005
   1.17636461E+005
   1.19350693E+005
   1.21171078E+005
   1.22874373E+005
   1.24684982E+005
   1.26375737E+005
   1.28055557E+005
   1.29852225E+005
   1.31517745E+005
   1.33299647E+005
   1.34946238E+005
   1.36711690E+005
   1.38337681E+005
   1.40083998E+005
   1.41816354E+005
   1.43408913E+005
   1.45118313E+005
   1.46812149E+005
   1.48366338E+005
   1.50034770E+005
   1.51557321E+005
   1.53200655E+005
   1.54828878E+005
   1.56310079E+005
   1.57914994E+005
   1.59505839E+005
   1.61082991E+005
   1.62516674E+005
   1.64073297E+005
   1.65617443E+005
   1.67012749E+005
   1.68538955E+005
   1.70054234E+005
   1.71418659E+005
   1.72919510E+005
   1.74411837E+005
   1.75896875E+005
   1.77232978E+005
   1.78714551E+005
   1.80197213E+005
   1.81689818E+005
